 		   all      23544     171271      0.555      0.363       0.39       0.27
              airplane        520        865      0.687      0.637      0.678       0.51
                 apple        337       1218      0.407      0.112      0.133     0.0981
              backpack       1051       1675      0.438     0.0394     0.0882      0.045
                banana        491       2143      0.503      0.171      0.227       0.12
          baseball bat        491        689      0.537      0.312      0.316      0.159
        baseball glove        505        736      0.575      0.341      0.384      0.233
                  bear        205        298      0.512      0.715      0.687      0.556
                   bed        753        832      0.532      0.581      0.588      0.425
                 bench       1117       2064       0.45      0.174      0.197      0.128
               bicycle        642       1306      0.531      0.285      0.306       0.18
                  bird        644       2026      0.645      0.275       0.33      0.204
                  boat        611       2288      0.555      0.218      0.273      0.143
                  book       1054       4913      0.416     0.0352      0.113     0.0499
                bottle       1727       4777      0.547      0.186      0.246       0.15
                  bowl       1428       2841      0.488      0.321      0.334      0.245
              broccoli        361       1452      0.422      0.355       0.33      0.191
                   bus        825       1214       0.71      0.593      0.662      0.539
                  cake        613       1279      0.526      0.309      0.352      0.238
                   car       2378       8617      0.572      0.359      0.392      0.234
                carrot        347       1767      0.517      0.107      0.197      0.118
                   cat        813        934      0.626      0.726      0.738      0.554
            cell phone        942       1237      0.537      0.201      0.237      0.168
                 chair       2538       7573      0.539      0.215      0.265      0.156
                 clock        911       1210      0.603      0.576      0.569      0.382
                 couch        886       1186      0.492      0.497       0.47      0.337
                   cow        387       1660       0.56      0.453      0.483      0.319
                   cup       1805       4117      0.499      0.297      0.325      0.226
          dining table       2343       3177      0.472      0.425      0.401      0.277
                   dog        858       1078      0.587      0.497      0.541       0.41
                 donut        326       1544      0.442      0.479      0.442      0.339
              elephant        425       1231       0.67      0.671      0.716      0.524
          fire hydrant        341        381      0.756      0.583      0.644      0.491
                  fork        729       1112      0.404      0.156      0.175      0.112
               frisbee        426        533      0.614      0.542      0.567      0.414
               giraffe        500       1052      0.769      0.809      0.842      0.641
            hair drier         37         41          1          0    0.00439    0.00176
               handbag       1376       2461      0.464     0.0204     0.0667      0.032
                 horse        611       1366      0.605      0.571      0.591       0.41
               hot dog        250        649      0.552      0.199      0.233       0.17
              keyboard        399        527      0.492      0.474      0.497      0.359
                  kite        460       1731      0.541      0.458      0.453      0.279
                 knife        862       1595      0.375     0.0737     0.0884     0.0531
                laptop        714       1009      0.652      0.514      0.581      0.451
             microwave        276        291      0.576      0.481      0.531      0.379
            motorcycle        722       1818      0.674      0.431      0.511      0.309
                 mouse        349        413      0.584      0.416      0.481      0.356
                orange        369       1349      0.346       0.25       0.23      0.176
                  oven        555        654      0.498      0.377      0.402      0.271
         parking meter        155        266      0.598      0.286      0.317      0.229
                person      12809      51965       0.72      0.528      0.615      0.401
                 pizza        634       1167      0.544      0.562      0.564      0.448
          potted plant        852       1727      0.496      0.238      0.248      0.133
          refrigerator        467        538      0.546      0.481      0.487      0.367
                remote        656       1231      0.404      0.117       0.15     0.0838
              sandwich        463        879      0.403      0.346      0.322      0.234
              scissors        172        311      0.519      0.154      0.175      0.104
                 sheep        295       1876      0.571      0.525      0.521      0.334
                  sink        908       1079      0.532      0.399      0.407      0.267
            skateboard        651       1060      0.589      0.437      0.468       0.29
                  skis        578       1338      0.455      0.181      0.202     0.0938
             snowboard        314        491      0.514      0.196      0.248      0.155
                 spoon        698       1211      0.343     0.0347      0.065     0.0371
           sports ball        809       1196      0.636      0.332      0.381       0.25
             stop sign        357        396      0.653      0.589      0.622      0.564
              suitcase        499       1212      0.427      0.335      0.301      0.201
             surfboard        710       1204      0.512      0.377      0.374      0.217
            teddy bear        471       1060       0.56      0.433      0.451      0.306
         tennis racket        671        934      0.614      0.533      0.552      0.318
                   tie        723       1290      0.595      0.235      0.279      0.169
               toaster         27         28          1          0     0.0475     0.0274
                toilet        692        827      0.625      0.713      0.703      0.555
            toothbrush        190        379      0.423     0.0185     0.0796     0.0453
         traffic light        796       2485      0.536      0.236      0.269      0.141
                 train        722        919      0.706      0.714      0.754      0.579
                 truck       1188       1966      0.528      0.314      0.367      0.254
                    tv        908       1180      0.635      0.559      0.597      0.441
              umbrella        812       2203      0.498      0.369      0.363      0.219
                  vase        690       1272      0.477      0.269      0.297      0.203
            wine glass        500       1596      0.543      0.223      0.263      0.157
                 zebra        382       1056      0.707      0.768      0.807      0.583